240
0 1 3 1048576 2.0100000001
0 16 3 1048576 2.0100000001
0 17 3 1048576 2.0100000001
0 32 3 1048576 2.0100000001
0 33 3 1048576 2.0100000001
0 48 3 1048576 2.0100000001
0 49 3 1048576 2.0100000001
0 64 3 1048576 2.0100000001
0 65 3 1048576 2.0100000001
0 80 3 1048576 2.0100000001
0 81 3 1048576 2.0100000001
0 96 3 1048576 2.0100000001
0 97 3 1048576 2.0100000001
0 112 3 1048576 2.0100000001
0 113 3 1048576 2.0100000001
1 0 3 1048576 2.0100000001
1 16 3 1048576 2.0100000001
1 17 3 1048576 2.0100000001
1 32 3 1048576 2.0100000001
1 33 3 1048576 2.0100000001
1 48 3 1048576 2.0100000001
1 49 3 1048576 2.0100000001
1 64 3 1048576 2.0100000001
1 65 3 1048576 2.0100000001
1 80 3 1048576 2.0100000001
1 81 3 1048576 2.0100000001
1 96 3 1048576 2.0100000001
1 97 3 1048576 2.0100000001
1 112 3 1048576 2.0100000001
1 113 3 1048576 2.0100000001
16 0 3 1048576 2.0100000001
16 1 3 1048576 2.0100000001
16 17 3 1048576 2.0100000001
16 32 3 1048576 2.0100000001
16 33 3 1048576 2.0100000001
16 48 3 1048576 2.0100000001
16 49 3 1048576 2.0100000001
16 64 3 1048576 2.0100000001
16 65 3 1048576 2.0100000001
16 80 3 1048576 2.0100000001
16 81 3 1048576 2.0100000001
16 96 3 1048576 2.0100000001
16 97 3 1048576 2.0100000001
16 112 3 1048576 2.0100000001
16 113 3 1048576 2.0100000001
17 0 3 1048576 2.0100000001
17 1 3 1048576 2.0100000001
17 16 3 1048576 2.0100000001
17 32 3 1048576 2.0100000001
17 33 3 1048576 2.0100000001
17 48 3 1048576 2.0100000001
17 49 3 1048576 2.0100000001
17 64 3 1048576 2.0100000001
17 65 3 1048576 2.0100000001
17 80 3 1048576 2.0100000001
17 81 3 1048576 2.0100000001
17 96 3 1048576 2.0100000001
17 97 3 1048576 2.0100000001
17 112 3 1048576 2.0100000001
17 113 3 1048576 2.0100000001
32 0 3 1048576 2.0100000001
32 1 3 1048576 2.0100000001
32 16 3 1048576 2.0100000001
32 17 3 1048576 2.0100000001
32 33 3 1048576 2.0100000001
32 48 3 1048576 2.0100000001
32 49 3 1048576 2.0100000001
32 64 3 1048576 2.0100000001
32 65 3 1048576 2.0100000001
32 80 3 1048576 2.0100000001
32 81 3 1048576 2.0100000001
32 96 3 1048576 2.0100000001
32 97 3 1048576 2.0100000001
32 112 3 1048576 2.0100000001
32 113 3 1048576 2.0100000001
33 0 3 1048576 2.0100000001
33 1 3 1048576 2.0100000001
33 16 3 1048576 2.0100000001
33 17 3 1048576 2.0100000001
33 32 3 1048576 2.0100000001
33 48 3 1048576 2.0100000001
33 49 3 1048576 2.0100000001
33 64 3 1048576 2.0100000001
33 65 3 1048576 2.0100000001
33 80 3 1048576 2.0100000001
33 81 3 1048576 2.0100000001
33 96 3 1048576 2.0100000001
33 97 3 1048576 2.0100000001
33 112 3 1048576 2.0100000001
33 113 3 1048576 2.0100000001
48 0 3 1048576 2.0100000001
48 1 3 1048576 2.0100000001
48 16 3 1048576 2.0100000001
48 17 3 1048576 2.0100000001
48 32 3 1048576 2.0100000001
48 33 3 1048576 2.0100000001
48 49 3 1048576 2.0100000001
48 64 3 1048576 2.0100000001
48 65 3 1048576 2.0100000001
48 80 3 1048576 2.0100000001
48 81 3 1048576 2.0100000001
48 96 3 1048576 2.0100000001
48 97 3 1048576 2.0100000001
48 112 3 1048576 2.0100000001
48 113 3 1048576 2.0100000001
49 0 3 1048576 2.0100000001
49 1 3 1048576 2.0100000001
49 16 3 1048576 2.0100000001
49 17 3 1048576 2.0100000001
49 32 3 1048576 2.0100000001
49 33 3 1048576 2.0100000001
49 48 3 1048576 2.0100000001
49 64 3 1048576 2.0100000001
49 65 3 1048576 2.0100000001
49 80 3 1048576 2.0100000001
49 81 3 1048576 2.0100000001
49 96 3 1048576 2.0100000001
49 97 3 1048576 2.0100000001
49 112 3 1048576 2.0100000001
49 113 3 1048576 2.0100000001
64 0 3 1048576 2.0100000001
64 1 3 1048576 2.0100000001
64 16 3 1048576 2.0100000001
64 17 3 1048576 2.0100000001
64 32 3 1048576 2.0100000001
64 33 3 1048576 2.0100000001
64 48 3 1048576 2.0100000001
64 49 3 1048576 2.0100000001
64 65 3 1048576 2.0100000001
64 80 3 1048576 2.0100000001
64 81 3 1048576 2.0100000001
64 96 3 1048576 2.0100000001
64 97 3 1048576 2.0100000001
64 112 3 1048576 2.0100000001
64 113 3 1048576 2.0100000001
65 0 3 1048576 2.0100000001
65 1 3 1048576 2.0100000001
65 16 3 1048576 2.0100000001
65 17 3 1048576 2.0100000001
65 32 3 1048576 2.0100000001
65 33 3 1048576 2.0100000001
65 48 3 1048576 2.0100000001
65 49 3 1048576 2.0100000001
65 64 3 1048576 2.0100000001
65 80 3 1048576 2.0100000001
65 81 3 1048576 2.0100000001
65 96 3 1048576 2.0100000001
65 97 3 1048576 2.0100000001
65 112 3 1048576 2.0100000001
65 113 3 1048576 2.0100000001
80 0 3 1048576 2.0100000001
80 1 3 1048576 2.0100000001
80 16 3 1048576 2.0100000001
80 17 3 1048576 2.0100000001
80 32 3 1048576 2.0100000001
80 33 3 1048576 2.0100000001
80 48 3 1048576 2.0100000001
80 49 3 1048576 2.0100000001
80 64 3 1048576 2.0100000001
80 65 3 1048576 2.0100000001
80 81 3 1048576 2.0100000001
80 96 3 1048576 2.0100000001
80 97 3 1048576 2.0100000001
80 112 3 1048576 2.0100000001
80 113 3 1048576 2.0100000001
81 0 3 1048576 2.0100000001
81 1 3 1048576 2.0100000001
81 16 3 1048576 2.0100000001
81 17 3 1048576 2.0100000001
81 32 3 1048576 2.0100000001
81 33 3 1048576 2.0100000001
81 48 3 1048576 2.0100000001
81 49 3 1048576 2.0100000001
81 64 3 1048576 2.0100000001
81 65 3 1048576 2.0100000001
81 80 3 1048576 2.0100000001
81 96 3 1048576 2.0100000001
81 97 3 1048576 2.0100000001
81 112 3 1048576 2.0100000001
81 113 3 1048576 2.0100000001
96 0 3 1048576 2.0100000001
96 1 3 1048576 2.0100000001
96 16 3 1048576 2.0100000001
96 17 3 1048576 2.0100000001
96 32 3 1048576 2.0100000001
96 33 3 1048576 2.0100000001
96 48 3 1048576 2.0100000001
96 49 3 1048576 2.0100000001
96 64 3 1048576 2.0100000001
96 65 3 1048576 2.0100000001
96 80 3 1048576 2.0100000001
96 81 3 1048576 2.0100000001
96 97 3 1048576 2.0100000001
96 112 3 1048576 2.0100000001
96 113 3 1048576 2.0100000001
97 0 3 1048576 2.0100000001
97 1 3 1048576 2.0100000001
97 16 3 1048576 2.0100000001
97 17 3 1048576 2.0100000001
97 32 3 1048576 2.0100000001
97 33 3 1048576 2.0100000001
97 48 3 1048576 2.0100000001
97 49 3 1048576 2.0100000001
97 64 3 1048576 2.0100000001
97 65 3 1048576 2.0100000001
97 80 3 1048576 2.0100000001
97 81 3 1048576 2.0100000001
97 96 3 1048576 2.0100000001
97 112 3 1048576 2.0100000001
97 113 3 1048576 2.0100000001
112 0 3 1048576 2.0100000001
112 1 3 1048576 2.0100000001
112 16 3 1048576 2.0100000001
112 17 3 1048576 2.0100000001
112 32 3 1048576 2.0100000001
112 33 3 1048576 2.0100000001
112 48 3 1048576 2.0100000001
112 49 3 1048576 2.0100000001
112 64 3 1048576 2.0100000001
112 65 3 1048576 2.0100000001
112 80 3 1048576 2.0100000001
112 81 3 1048576 2.0100000001
112 96 3 1048576 2.0100000001
112 97 3 1048576 2.0100000001
112 113 3 1048576 2.0100000001
113 0 3 1048576 2.0100000001
113 1 3 1048576 2.0100000001
113 16 3 1048576 2.0100000001
113 17 3 1048576 2.0100000001
113 32 3 1048576 2.0100000001
113 33 3 1048576 2.0100000001
113 48 3 1048576 2.0100000001
113 49 3 1048576 2.0100000001
113 64 3 1048576 2.0100000001
113 65 3 1048576 2.0100000001
113 80 3 1048576 2.0100000001
113 81 3 1048576 2.0100000001
113 96 3 1048576 2.0100000001
113 97 3 1048576 2.0100000001
113 112 3 1048576 2.0100000001
