240
0 1 3 1048576 2.0100000001
0 16 3 1048576 2.0100002091
0 17 3 1048576 2.0100004181
0 32 3 1048576 2.0100006271
0 33 3 1048576 2.0100008361
0 48 3 1048576 2.0100010461
0 49 3 1048576 2.0100012551
0 64 3 1048576 2.0100014641
0 65 3 1048576 2.0100016731
0 80 3 1048576 2.0100018821
0 81 3 1048576 2.0100020921
0 96 3 1048576 2.0100023011
0 97 3 1048576 2.0100025101
0 112 3 1048576 2.0100027191
0 113 3 1048576 2.0100029281
1 0 3 1048576 2.0100031381
1 16 3 1048576 2.0100033471
1 17 3 1048576 2.0100035561
1 32 3 1048576 2.0100037651
1 33 3 1048576 2.0100039741
1 48 3 1048576 2.0100041841
1 49 3 1048576 2.0100043931
1 64 3 1048576 2.0100046021
1 65 3 1048576 2.0100048111
1 80 3 1048576 2.0100050201
1 81 3 1048576 2.0100052301
1 96 3 1048576 2.0100054391
1 97 3 1048576 2.0100056481
1 112 3 1048576 2.0100058571
1 113 3 1048576 2.0100060661
16 0 3 1048576 2.0100062761
16 1 3 1048576 2.0100064851
16 17 3 1048576 2.0100066941
16 32 3 1048576 2.0100069031
16 33 3 1048576 2.0100071121
16 48 3 1048576 2.0100073221
16 49 3 1048576 2.0100075311
16 64 3 1048576 2.0100077401
16 65 3 1048576 2.0100079491
16 80 3 1048576 2.0100081581
16 81 3 1048576 2.0100083681
16 96 3 1048576 2.0100085771
16 97 3 1048576 2.0100087861
16 112 3 1048576 2.0100089951
16 113 3 1048576 2.0100092051
17 0 3 1048576 2.0100094141
17 1 3 1048576 2.0100096231
17 16 3 1048576 2.0100098321
17 32 3 1048576 2.0100100411
17 33 3 1048576 2.0100102511
17 48 3 1048576 2.0100104601
17 49 3 1048576 2.0100106691
17 64 3 1048576 2.0100108781
17 65 3 1048576 2.0100110871
17 80 3 1048576 2.0100112971
17 81 3 1048576 2.0100115061
17 96 3 1048576 2.0100117151
17 97 3 1048576 2.0100119241
17 112 3 1048576 2.0100121331
17 113 3 1048576 2.0100123431
32 0 3 1048576 2.0100125521
32 1 3 1048576 2.0100127611
32 16 3 1048576 2.0100129701
32 17 3 1048576 2.0100131791
32 33 3 1048576 2.0100133891
32 48 3 1048576 2.0100135981
32 49 3 1048576 2.0100138071
32 64 3 1048576 2.0100140161
32 65 3 1048576 2.0100142251
32 80 3 1048576 2.0100144351
32 81 3 1048576 2.0100146441
32 96 3 1048576 2.0100148531
32 97 3 1048576 2.0100150621
32 112 3 1048576 2.0100152711
32 113 3 1048576 2.0100154811
33 0 3 1048576 2.0100156901
33 1 3 1048576 2.0100158991
33 16 3 1048576 2.0100161081
33 17 3 1048576 2.0100163171
33 32 3 1048576 2.0100165271
33 48 3 1048576 2.0100167361
33 49 3 1048576 2.0100169451
33 64 3 1048576 2.0100171541
33 65 3 1048576 2.0100173641
33 80 3 1048576 2.0100175731
33 81 3 1048576 2.0100177821
33 96 3 1048576 2.0100179911
33 97 3 1048576 2.0100182001
33 112 3 1048576 2.0100184101
33 113 3 1048576 2.0100186191
48 0 3 1048576 2.0100188281
48 1 3 1048576 2.0100190371
48 16 3 1048576 2.0100192461
48 17 3 1048576 2.0100194561
48 32 3 1048576 2.0100196651
48 33 3 1048576 2.0100198741
48 49 3 1048576 2.0100200831
48 64 3 1048576 2.0100202921
48 65 3 1048576 2.0100205021
48 80 3 1048576 2.0100207111
48 81 3 1048576 2.0100209201
48 96 3 1048576 2.0100211291
48 97 3 1048576 2.0100213381
48 112 3 1048576 2.0100215481
48 113 3 1048576 2.0100217571
49 0 3 1048576 2.0100219661
49 1 3 1048576 2.0100221751
49 16 3 1048576 2.0100223841
49 17 3 1048576 2.0100225941
49 32 3 1048576 2.0100228031
49 33 3 1048576 2.0100230121
49 48 3 1048576 2.0100232211
49 64 3 1048576 2.0100234301
49 65 3 1048576 2.0100236401
49 80 3 1048576 2.0100238491
49 81 3 1048576 2.0100240581
49 96 3 1048576 2.0100242671
49 97 3 1048576 2.0100244761
49 112 3 1048576 2.0100246861
49 113 3 1048576 2.0100248951
64 0 3 1048576 2.0100251041
64 1 3 1048576 2.0100253131
64 16 3 1048576 2.0100255231
64 17 3 1048576 2.0100257321
64 32 3 1048576 2.0100259411
64 33 3 1048576 2.0100261501
64 48 3 1048576 2.0100263591
64 49 3 1048576 2.0100265691
64 65 3 1048576 2.0100267781
64 80 3 1048576 2.0100269871
64 81 3 1048576 2.0100271961
64 96 3 1048576 2.0100274051
64 97 3 1048576 2.0100276151
64 112 3 1048576 2.0100278241
64 113 3 1048576 2.0100280331
65 0 3 1048576 2.0100282421
65 1 3 1048576 2.0100284511
65 16 3 1048576 2.0100286611
65 17 3 1048576 2.0100288701
65 32 3 1048576 2.0100290791
65 33 3 1048576 2.0100292881
65 48 3 1048576 2.0100294971
65 49 3 1048576 2.0100297071
65 64 3 1048576 2.0100299161
65 80 3 1048576 2.0100301251
65 81 3 1048576 2.0100303341
65 96 3 1048576 2.0100305431
65 97 3 1048576 2.0100307531
65 112 3 1048576 2.0100309621
65 113 3 1048576 2.0100311711
80 0 3 1048576 2.0100313801
80 1 3 1048576 2.0100315891
80 16 3 1048576 2.0100317991
80 17 3 1048576 2.0100320081
80 32 3 1048576 2.0100322171
80 33 3 1048576 2.0100324261
80 48 3 1048576 2.0100326351
80 49 3 1048576 2.0100328451
80 64 3 1048576 2.0100330541
80 65 3 1048576 2.0100332631
80 81 3 1048576 2.0100334721
80 96 3 1048576 2.0100336821
80 97 3 1048576 2.0100338911
80 112 3 1048576 2.0100341001
80 113 3 1048576 2.0100343091
81 0 3 1048576 2.0100345181
81 1 3 1048576 2.0100347281
81 16 3 1048576 2.0100349371
81 17 3 1048576 2.0100351461
81 32 3 1048576 2.0100353551
81 33 3 1048576 2.0100355641
81 48 3 1048576 2.0100357741
81 49 3 1048576 2.0100359831
81 64 3 1048576 2.0100361921
81 65 3 1048576 2.0100364011
81 80 3 1048576 2.0100366101
81 96 3 1048576 2.0100368201
81 97 3 1048576 2.0100370291
81 112 3 1048576 2.0100372381
81 113 3 1048576 2.0100374471
96 0 3 1048576 2.0100376561
96 1 3 1048576 2.0100378661
96 16 3 1048576 2.0100380751
96 17 3 1048576 2.0100382841
96 32 3 1048576 2.0100384931
96 33 3 1048576 2.0100387021
96 48 3 1048576 2.0100389121
96 49 3 1048576 2.0100391211
96 64 3 1048576 2.0100393301
96 65 3 1048576 2.0100395391
96 80 3 1048576 2.0100397481
96 81 3 1048576 2.0100399581
96 97 3 1048576 2.0100401671
96 112 3 1048576 2.0100403761
96 113 3 1048576 2.0100405851
97 0 3 1048576 2.0100407941
97 1 3 1048576 2.0100410041
97 16 3 1048576 2.0100412131
97 17 3 1048576 2.0100414221
97 32 3 1048576 2.0100416311
97 33 3 1048576 2.0100418411
97 48 3 1048576 2.0100420501
97 49 3 1048576 2.0100422591
97 64 3 1048576 2.0100424681
97 65 3 1048576 2.0100426771
97 80 3 1048576 2.0100428871
97 81 3 1048576 2.0100430961
97 96 3 1048576 2.0100433051
97 112 3 1048576 2.0100435141
97 113 3 1048576 2.0100437231
112 0 3 1048576 2.0100439331
112 1 3 1048576 2.0100441421
112 16 3 1048576 2.0100443511
112 17 3 1048576 2.0100445601
112 32 3 1048576 2.0100447691
112 33 3 1048576 2.0100449791
112 48 3 1048576 2.0100451881
112 49 3 1048576 2.0100453971
112 64 3 1048576 2.0100456061
112 65 3 1048576 2.0100458151
112 80 3 1048576 2.0100460251
112 81 3 1048576 2.0100462341
112 96 3 1048576 2.0100464431
112 97 3 1048576 2.0100466521
112 113 3 1048576 2.0100468611
113 0 3 1048576 2.0100470711
113 1 3 1048576 2.0100472801
113 16 3 1048576 2.0100474891
113 17 3 1048576 2.0100476981
113 32 3 1048576 2.0100479071
113 33 3 1048576 2.0100481171
113 48 3 1048576 2.0100483261
113 49 3 1048576 2.0100485351
113 64 3 1048576 2.0100487441
113 65 3 1048576 2.0100489531
113 80 3 1048576 2.0100491631
113 81 3 1048576 2.0100493721
113 96 3 1048576 2.0100495811
113 97 3 1048576 2.0100497901
113 112 3 1048576 2.0100500001
